0.0 0.0 0.0 0.0 0.0 0.0 0.0 1.0
0.0 0.0018895493121817708 0.0005303892539814115 0.02336147613823414 -0.00010784721234813333 -0.00037338415859267116 0.0001947846612893045 0.9999999403953552
0.06673333039647578 0.0023440334480255842 0.0013568259309977293 0.03540017828345299 -7.929824641905725e-05 -0.00041972307371906936 0.00021262657537590712 0.9999998211860657
0.13346666079295155 0.005128198303282261 -0.000269787065917626 0.07363440096378326 -0.0012720305239781737 -0.0009548321831971407 9.71026747720316e-05 0.9999988675117493
0.21688332378854627 0.0054103052243590355 0.0011700565228238702 0.07531958818435669 -0.0015069551300257444 -0.000981131219305098 -7.325877959374338e-05 0.9999983906745911
0.300299986784141 0.004990395624190569 -0.0007358736474998295 0.07530105859041214 -0.003064832417294383 -0.0008653433760628104 -0.0006669341237284243 0.999994695186615
0.3837166497797357 0.00785862933844328 -0.0024168749805539846 0.1255037933588028 -0.0051134927198290825 -0.00145431247074157 -0.0008974079391919076 0.9999852180480957
0.46713331277533043 0.013776767067611217 -0.005300502758473158 0.17916490137577057 -0.007151707075536251 -0.002306469017639756 -0.0007456016028299928 0.999971330165863
0.5505499757709251 0.017110630869865417 -0.00986783392727375 0.2013423889875412 -0.008364982903003693 -0.0024341244716197252 -0.0011843066895380616 0.999961793422699
0.6339666387665198 0.02028127945959568 -0.016927313059568405 0.23171937465667725 -0.010629039257764816 -0.0024152910336852074 -0.0015115472488105297 0.9999397397041321
0.7173833017621146 0.019649401307106018 -0.020744688808918 0.23118454217910767 -0.012173512950539589 -0.0018836423987522721 -0.0019411459797993302 0.9999228119850159
0.8007999647577093 0.019013935700058937 -0.022438136860728264 0.23443160951137543 -0.013701050542294979 -0.0015767615986987948 -0.0021180675830692053 0.9999029040336609
0.884216627753304 0.015572222881019115 -0.02571944147348404 0.26812970638275146 -0.016350265592336655 -0.0012431844370439649 -0.002240711124613881 0.9998632669448853
0.9676332907488987 0.009076177142560482 -0.031676001846790314 0.33046460151672363 -0.01963461935520172 -0.0009203231311403215 -0.0024307616986334324 0.9998043179512024
1.0510499537444935 0.0009137156303040683 -0.04098920151591301 0.40238648653030396 -0.023293469101190567 -0.0006807009922340512 -0.0024697480257600546 0.999725878238678
1.134466616740088 -0.010949844494462013 -0.051138296723365784 0.377934068441391 -0.02431664988398552 -0.00017579020641278476 -0.0025293200742453337 0.9997012615203857
1.2178832797356829 -0.02737218514084816 -0.06907689571380615 0.41120645403862 -0.02696339786052704 8.103144500637427e-05 -0.0023219601716846228 0.9996338486671448
1.3012999427312777 -0.04289483278989792 -0.08931881934404373 0.3823995292186737 -0.02748609520494938 0.0003789941838476807 -0.002327888272702694 0.9996197819709778
1.3847166057268723 -0.055730484426021576 -0.10781749337911606 0.43314939737319946 -0.030330684036016464 0.0012551617110148072 -0.0023336182348430157 0.99953693151474
1.468133268722467 -0.06523340940475464 -0.1180998757481575 0.4970010817050934 -0.03426549211144447 0.0026579999830573797 -0.002266504568979144 0.9994069337844849
1.5515499317180619 -0.07392819970846176 -0.12017937749624252 0.5575815439224243 -0.03873942792415619 0.0045334878377616405 -0.0019715544767677784 0.9992377758026123
1.6349665947136565 -0.08154255896806717 -0.1235295757651329 0.5787029266357422 -0.042933303862810135 0.006871057208627462 -0.0017296638106927276 0.9990530610084534
1.7183832577092513 -0.08630457520484924 -0.12976843118667603 0.5869156122207642 -0.04657241702079773 0.008646263740956783 -0.0014431859599426389 0.9988774657249451
1.8017999207048458 -0.08623149991035461 -0.13157576322555542 0.6689630150794983 -0.050891175866127014 0.00953814759850502 -0.0010387934744358063 0.998659074306488
1.8852165837004407 -0.08666326850652695 -0.13968808948993683 0.6984726190567017 -0.054192591458559036 0.010739163495600224 -0.00033473214716650546 0.9984738230705261
1.9686332466960355 -0.08801305294036865 -0.14899945259094238 0.7356817126274109 -0.05798523128032684 0.012806335464119911 -1.6848773157107644e-05 0.9982360601425171
2.0520499096916303 -0.08391831070184708 -0.1490357369184494 0.8334141969680786 -0.06232455000281334 0.014097628183662891 0.000376353069441393 0.9979574084281921
2.135466572687225 -0.08198486268520355 -0.1625823676586151 0.8717930912971497 -0.06613955646753311 0.0162443108856678 0.0009518493316136301 0.9976788759231567
2.2188832356828194 -0.07771419733762741 -0.17152556777000427 0.9456684589385986 -0.06915348023176193 0.01808970235288143 0.0013465258525684476 0.9974419474601746
2.3022998986784144 -0.07861387729644775 -0.2011193186044693 0.924370288848877 -0.07289539277553558 0.02005349099636078 0.0015621059574186802 0.9971374273300171
2.385716561674009 -0.07674168050289154 -0.22451086342334747 0.9310011267662048 -0.07735985517501831 0.02187606506049633 0.0024129790253937244 0.9967613816261292
2.4691332246696036 -0.0814322903752327 -0.2478010505437851 0.9197588562965393 -0.08302389830350876 0.023748591542243958 0.002893715398386121 0.9962610602378845
2.552549887665198 -0.08462086319923401 -0.247372105717659 0.9843952655792236 -0.08725079894065857 0.025190116837620735 0.0033487051259726286 0.9958627223968506
2.635966550660793 -0.09143567085266113 -0.25169095396995544 1.0338380336761475 -0.09119733422994614 0.02695881947875023 0.0040178243070840836 0.9954607486724854
2.719383213656388 -0.09807585924863815 -0.25280073285102844 1.0946365594863892 -0.0940081775188446 0.029072830453515053 0.005029246676713228 0.9951350092887878
2.8027998766519824 -0.103957399725914 -0.2430221140384674 1.192415475845337 -0.09600329399108887 0.03096914477646351 0.005522153340280056 0.9948843121528625
2.8862165396475774 -0.11426286399364471 -0.24904407560825348 1.2354586124420166 -0.09802531450986862 0.03258915990591049 0.006468780804425478 0.994629979133606
2.969633202643172 -0.12994709610939026 -0.2781740427017212 1.2252658605575562 -0.10281684994697571 0.0345601886510849 0.007577552925795317 0.9940716624259949
3.0530498656387666 -0.14823757112026215 -0.3124304413795471 1.1856017112731934 -0.10894636809825897 0.037519991397857666 0.00805571861565113 0.993307888507843
3.1364665286343616 -0.1561925709247589 -0.3026125729084015 1.2723854780197144 -0.11233807355165482 0.042658671736717224 0.00880805216729641 0.9927152991294861
3.219883191629956 -0.16348236799240112 -0.29209038615226746 1.3534067869186401 -0.11417411267757416 0.046554483473300934 0.010186200961470604 0.9923182725906372
3.3032998546255508 -0.17497383058071136 -0.2951561510562897 1.3869189023971558 -0.11634673178195953 0.04935018718242645 0.01141674816608429 0.9919174313545227
3.386716517621146 -0.1891152262687683 -0.3124130964279175 1.385179042816162 -0.11827412247657776 0.05095134675502777 0.011945754289627075 0.99160236120224
3.4701331806167404 -0.19991722702980042 -0.3190513253211975 1.4151995182037354 -0.11867481470108032 0.05327526852488518 0.012695652432739735 0.9914230704307556
3.553549843612335 -0.21057508885860443 -0.3231603503227234 1.4502865076065063 -0.11696295440196991 0.05476413294672966 0.014037025161087513 0.9915269613265991
3.63696650660793 -0.23174872994422913 -0.3484672009944916 1.434535026550293 -0.11485445499420166 0.055044032633304596 0.014001199044287205 0.9917582273483276
3.7203831696035246 -0.24828743934631348 -0.35786935687065125 1.4671107530593872 -0.1109338104724884 0.05449932813644409 0.014659879729151726 0.9922255873680115
3.803799832599119 -0.28004422783851624 -0.39361128211021423 1.4473555088043213 -0.10804177075624466 0.05465220659971237 0.013890988193452358 0.992547333240509
3.8872164955947137 -0.34028613567352295 -0.48168671131134033 1.3583778142929077 -0.11064346134662628 0.05839255079627037 0.011936156079173088 0.9920732975006104
3.9706331585903087 -0.3363841474056244 -0.43994638323783875 1.4980049133300781 -0.09406550228595734 0.052705880254507065 0.014040268957614899 0.9940721392631531
4.054049821585903 -0.38144129514694214 -0.5154035091400146 1.4474745988845825 -0.09266296029090881 0.053641777485609055 0.012737483717501163 0.9941720366477966
4.137466484581498 -0.3888434171676636 -0.5133829712867737 1.539942979812622 -0.08055178821086884 0.048931993544101715 0.012883401475846767 0.9954672455787659
4.2208831475770925 -0.42444470524787903 -0.5702139139175415 1.5300439596176147 -0.0763026773929596 0.048716723918914795 0.012168866582214832 0.9958217144012451
4.3042998105726875 -0.4505041539669037 -0.587039589881897 1.5465478897094727 -0.06721124053001404 0.0467044897377491 0.01176520250737667 0.9965779185295105
4.3877164735682825 -0.47932755947113037 -0.6282850503921509 1.499053716659546 -0.06278275698423386 0.04534212127327919 0.011350623331964016 0.9969341158866882
4.471133136563877 -0.4798552393913269 -0.6164264678955078 1.6433358192443848 -0.05247978866100311 0.04291177913546562 0.010762520134449005 0.9976438283920288
4.554549799559472 -0.48921769857406616 -0.628216028213501 1.6947535276412964 -0.04544294625520706 0.040341030806303024 0.01025095209479332 0.9981014132499695
4.637966462555067 -0.5197776556015015 -0.6553955674171448 1.6525412797927856 -0.04089023545384407 0.041419193148612976 0.01002742163836956 0.9982566237449646
4.721383125550661 -0.5221329927444458 -0.6691008806228638 1.7587705850601196 -0.03434343263506889 0.038202617317438126 0.009331990964710712 0.9986384510993958
4.804799788546256 -0.5588039755821228 -0.7095748782157898 1.7401719093322754 -0.03144866228103638 0.04133166745305061 0.009357376955449581 0.9986088275909424
4.888216451541851 -0.5620803236961365 -0.7292532324790955 1.8443225622177124 -0.024931013584136963 0.038405563682317734 0.008635219186544418 0.9989163875579834
4.971633114537445 -0.5560851693153381 -0.7533267140388489 1.9483088254928589 -0.019946863874793053 0.032724905759096146 0.007427315227687359 0.9992402791976929
5.05504977753304 -0.578272819519043 -0.7952001690864563 1.9225367307662964 -0.021112658083438873 0.03470224887132645 0.007103568874299526 0.9991517066955566
5.138466440528635 -0.5760419368743896 -0.7986127138137817 2.0715243816375732 -0.014847714453935623 0.033242784440517426 0.006717992946505547 0.9993168115615845
5.221883103524229 -0.562606155872345 -0.800952672958374 2.1906442642211914 -0.008397985249757767 0.028208576142787933 0.005859950557351112 0.9995519518852234
5.305299766519824 -0.5462006330490112 -0.7977361083030701 2.319671154022217 -0.00023809618141967803 0.023170191794633865 0.005251059774309397 0.9997203350067139
5.388716429515419 -0.5500321984291077 -0.8186823129653931 2.305032730102539 -0.0018970377277582884 0.02429899573326111 0.005132729187607765 0.9996923208236694
5.472133092511013 -0.5524983406066895 -0.8453072905540466 2.259777307510376 -0.005135780666023493 0.02673482522368431 0.005478701088577509 0.9996165037155151
5.5555497555066085 -0.5323552489280701 -0.8622323274612427 2.326930284500122 -0.00596581632271409 0.025471318513154984 0.005652700085192919 0.99964439868927
5.638966418502203 -0.5059306025505066 -0.8822821378707886 2.341329336166382 -0.007392629515379667 0.023004863411188126 0.00616435008123517 0.9996910691261292
5.722383081497798 -0.481840044260025 -0.9096171259880066 2.3770511150360107 -0.009809079580008984 0.023744501173496246 0.0071178823709487915 0.9996472597122192
5.805799744493393 -0.44512104988098145 -0.9471477270126343 2.4402825832366943 -0.014751289039850235 0.021470822393894196 0.008336617611348629 0.9996283650398254
5.889216407488987 -0.4106501638889313 -0.9788262844085693 2.4503135681152344 -0.018164893612265587 0.01812199503183365 0.009949474595487118 0.9996235966682434
5.972633070484582 -0.38437530398368835 -0.9971857666969299 2.537837028503418 -0.019549841061234474 0.017761778086423874 0.011940142139792442 0.9995823502540588
6.056049733480177 -0.3763986825942993 -1.0081307888031006 2.5575594902038574 -0.019409451633691788 0.02037852630019188 0.014192174188792706 0.999505341053009
6.139466396475771 -0.36217331886291504 -1.0200061798095703 2.61995267868042 -0.021824615076184273 0.019507838413119316 0.015202519483864307 0.9994579553604126
6.222883059471366 -0.35479235649108887 -1.0398740768432617 2.5864439010620117 -0.026578402146697044 0.019130421802401543 0.0163814015686512 0.9993314146995544
6.3229830550660795 -0.3534294366836548 -1.0621391534805298 2.6060237884521484 -0.03118688240647316 0.020175328478217125 0.016883883625268936 0.9991689324378967
6.4063997180616745 -0.3482169210910797 -1.0770684480667114 2.715113401412964 -0.03558371216058731 0.016808122396469116 0.016465768218040466 0.9990915656089783
6.4898163810572695 -0.36218711733818054 -1.090380311012268 2.761298894882202 -0.036381449550390244 0.018234260380268097 0.015808552503585815 0.9990487694740295
6.589916376651983 -0.3810553550720215 -1.1303876638412476 2.7963125705718994 -0.04591911658644676 0.014638302847743034 0.013270562514662743 0.998751699924469
6.673333039647577 -0.39292100071907043 -1.1651742458343506 2.8145925998687744 -0.052777256816625595 0.009423804469406605 0.012062739580869675 0.9984918832778931
6.756749702643172 -0.41333696246147156 -1.1921058893203735 2.829042434692383 -0.057921335101127625 0.012791061773896217 0.010923604480922222 0.9981818199157715
6.840166365638767 -0.41406676173210144 -1.2025444507598877 2.8899753093719482 -0.06004974618554115 0.007631813641637564 0.01035324390977621 0.998115062713623
6.923583028634361 -0.41814401745796204 -1.2254376411437988 2.9232165813446045 -0.07017496973276138 0.01011474896222353 0.011220366694033146 0.9974229335784912
7.023683024229076 -0.42788639664649963 -1.2401618957519531 2.951206922531128 -0.07536830008029938 0.018518561497330666 0.012045069597661495 0.9969135522842407
7.10709968722467 -0.43486180901527405 -1.2442517280578613 3.0161819458007812 -0.08072804659605026 0.026765091344714165 0.01220717653632164 0.9963043928146362
7.190516350220265 -0.4379537105560303 -1.26410710811615 3.01548171043396 -0.08946321159601212 0.03215673938393593 0.01352581288665533 0.9953814744949341
7.290616345814978 -0.4395054578781128 -1.273120403289795 3.093538999557495 -0.09966032207012177 0.04625553637742996 0.01626366376876831 0.9938156008720398
7.390716341409692 -0.42943075299263 -1.2892793416976929 3.1453967094421387 -0.1078687459230423 0.04908585920929909 0.019804680719971657 0.9927579164505005
7.490816337004405 -0.4275367856025696 -1.3025388717651367 3.21207332611084 -0.1150902658700943 0.06349117308855057 0.022222032770514488 0.9910776019096375
